-0.06128754731256284
-0.11799064937408013
-0.06946972323242569
-0.05756026348353927
-0.3982240422324354
-0.061257064817631705
-0.04229895959562701
-0.055391962066385345
-0.6958192728990635
-0.05446116115278509
-0.05956997184935815
-0.050566946517362994
-0.16145265861514851
-0.09700367295505247
-0.07312718383412273
-0.12587996219335915
-0.15491886402577962
-0.12829861176733337
-0.10674227748036448
-0.16081699439676442
-0.042792848316334314
-0.03756419607742659
-0.04969015008759638
-0.11747122995499783
-0.1318363354042594
-0.3644059298049438
-0.04617896847509289
-0.10368837060862532
-0.03200676083810049
-0.052887197819553734
-0.18482405016731923
-0.06717714204136939
-0.09656900396907643
-0.18049355089322872
-0.03144505105771572
-0.03076415518073826
-0.09025982816115818
-0.10154358591233205
-0.05352984573425374
-0.03513796785503376
-0.15479978826665752
-0.5582578276059961
-0.06566249881059018
-0.5155779949418834
-0.037077720505247956
-0.022693463375097426
-0.05583235562112555
-0.1800908351298948
-0.0978213380094171
-0.03194436855721058
-0.16436970146326563
-0.09576469241838131
-0.06016657840196645
-0.04377903241493512
-0.15480604089019956
-0.060269908323617796
-0.0366137443034089
-0.07307487025849582
-0.08326910734005034
-0.05178327282652648
-0.3707156979239287
-0.08030306140643735
-0.15564927558788133
-0.08575077530828927
-0.15308286575649643
-0.36647985664568244
-0.31042190670110426
-0.026571530723927348
-0.023714817888930265
-0.02203500857346179
-0.05678510228941909
-0.028716414354439085
-0.10483561314515392
-0.07933666311565299
-0.06671134806598956
-0.08403070430662775
-0.04659206687490708
-0.11997902109499242
-0.06332437011017618
-0.3990318427217975
-0.03291199472968172
-0.04216616895758999
-0.01979668960749161
-0.025112192318673964
-0.17117328739953153
-0.04799115587941236
-0.044860424337764215
-0.29795673404182826
-0.025193007252368813
-0.07425545958163664
-0.050443856488950875
-0.022681962673396658
-0.21401280355137245
-0.08660239993372865
-0.4310812690613983
-0.03460222024267406
-0.025643441096019078
-0.0446460553442576
-0.44450756312382056
-0.0636037532780728
-0.04652542443898272
-0.3266144567131377
-0.2342781960981723
-0.050740926813587876
-0.04701735262516596
-0.06491492812347739
-0.03657666706986105
-0.08446844483456585
-0.0418274451901079
-0.045404330695643605
-0.11927713843175973
-0.16390923375155309
-0.191287704532353
-0.04969400289747733
-0.15920154105940149
-0.08590053023593304
-0.0789071328535062
-0.04065286751891399
-0.03048222319538832
-0.047398423395075176
-0.5985107389991828
-0.10220770261383103
-0.06691367137332144
-0.05383616304774484
-0.11217961002274784
-0.04362457521629483
-0.10688519270565838
-0.03001769867497121
-0.06347112591757317
-0.08244249797105999
-0.07724742236229575
-0.1846696991454953
-0.11351107227998403
-0.07758105528395527
-0.029477141782566562
-0.02512774374062754
-0.022305471538477572
-0.03919846498392552
-0.14830314843210798
-0.08677508784709878
-0.0390639200498078
-0.032372973210754
-0.046168008819413055
-0.04578755598927501
-0.036136387335777204
-0.3086076746581965
-0.0201219809336975
-0.11287681362556087
-0.0745611834239266
-0.030125376069227456
-0.15965106228503653
-0.07768812522816272
-0.2518185605210957
-0.046892215792224475
-0.07812906277237137
-0.07990579414006026
-0.05206112887585117
-0.036307966245812895
-0.1460148084194062
-0.040793304100168584
-0.02147210220774198
-0.07983625066408463
-0.035855844178181516
-0.057524683746193905
-0.09978598934420585
-0.04585324148177091
-0.04108103427104255
-0.09344735238537197
-0.05930426266688839
-0.05057432026370691
-0.07579994679327991
-0.14344822602736793
-0.14489635734356876
-0.05526840899846551
-0.08385226028266383
-0.08803533771947826
-0.03869921926229985
-0.9999999994445716
-0.31249720290120825
-0.08918413094967328
-0.20576935937982924
-0.08701249093051072
-0.12502230107905543
-0.060633189229334375
-0.10665267852082284
-0.09878903322035651
-0.20883646340323833
-0.048601323228184085
-0.031347788045705635
-0.049215335190865836
-0.06699125223161159
-0.31004187629829616
-0.07275582203325676
-0.05190850274219821
-0.5274729016393619
-0.054890150415171646
-0.05691422034763373
-0.053012974479959486
-0.14254912960415206
-0.028116759276729186
-0.027816856965676987
-0.08393917002912964
-0.04238897976077308
-0.03361199782704362
-0.030658525588919506
-0.05600677436640288
-0.10564397364951164
-0.06130475650466934
-0.08970887658278957
-0.11981207353847964
-0.03897443525429373
-0.0775294441952731
-0.5044631647934876
-0.037788654010766365
-0.0879964699815536
-0.37134089219270994
-0.0930201196617217
-0.03591800728320973
-0.1355560450141045
-0.15435685893051376
-0.041986981193130254
-0.03526483664435953
-0.14952815468874311
-0.0501934299231581
-0.08497457454300912
-0.15993937739879094
-0.0585635657903466
-0.04561854329357863
-0.03956903131245601
-0.044082843545957456
-0.11122252495656479
-0.13559077297989486
-0.06010277723423514
-0.10591442064392988
-0.17645037187597304
-0.04114173736804456
-0.0294592514005633
-0.0632333679518655
-0.03816554167149189
-0.05264676577977044
-0.08732630171583389
-0.06742858420908669
-0.05446574131582868
-0.12882579281460815
-0.10483570897286508
-0.10015032975828018
-0.14391715420195264
-0.05358605748053479
-0.114094651570395
-0.05589685597001764
-0.04423175944039423
-0.04194991127433434
-0.10576332015041273
-0.09469497262482025
-0.09101186407341183
-0.06187041059882826
-0.10318209135438994
-0.04201749322640165
-0.11086450998878043
-0.06510229458921522
-0.31438192063318365
-0.046183479877277084
-0.08841752724978039
-0.02540523079733761
-0.034077337256558766
-0.06537344977257999
-0.058633082590285296
-0.05920577710299224
-0.11840427353980065
-0.05670194012002669
-0.0805337023118847
-0.12800312244682963
-0.07164385547308076
-0.13363336563525774
-0.22233090757460292
-0.04415555647558895
-0.14064120350719173
-0.06556861578273883
-0.022883946550957577
-0.044766505728370175
-0.10525342660340445
-0.08693657674848133
-0.03162677810167973
-0.08551896777624592
-0.13697132511691934
-0.25219605587961336
-0.028817539146133542
-0.07391125621038178
-0.14017261103839623
-0.08059524196901224
-0.09042470761803148
-0.06906291187887907
-0.09093123813847401
-0.05452914363362275
-0.16726753490968685
-0.34191960049277037
-0.1263769987069212
-0.13603473442069391
-0.08340266721531124
-0.32135368891246835
-0.19675590677816182
-0.0909494383741584
-0.08298222569681456
-0.04648689557734891
-0.05585042868718645
-0.097144155694713
-0.10822837099470103
-0.240761419699678
-0.032626338645636674
-0.24696176558154864
-0.09986879383402936
-0.22088246632739447
-0.13921022173600253
-0.5622006255276972
-0.21727704159884087
-0.03286381653345618
-0.07338049277147703
-0.1352061689170471
-0.05191293529757734
-0.07440426704485734
-0.2101273178752745
-0.02822817269264031
-0.056004560942850064
-0.024544524904304477
-0.15665267751458836
-0.09512768460591464
-0.05274948170325633
-0.04944951450660688
-0.2807235775137447
-0.03564437198034119
-0.1195919679353037
-0.03841009344894781
-0.10846913673739236
-0.1161427888135867
-0.08261050438215217
-0.05127996769196769
-0.048207556819651824
-0.10261865058764416
-0.036382130031934176
-0.08668637662377052
-0.07760700054571848
-0.13622650768657832
-0.06016324682337595
-0.24379490483761246
-0.11015174573237858
-0.2798145069030145
-0.04870546959802651
-0.036210972879305574
-0.041705933221615504
-0.022044796196372687
-0.059430305246581556
-0.04959352713251587
-0.052439764204665354
-0.03708020332195132
-0.048594675635356334
-0.1036238370720914
-0.05489351430895578
-0.041300355578887386
-0.05128497050908958
-0.20712857696489154
-0.19230167121589006
-0.06644847193238734
-0.0997390718968627
-0.13614309377525136
-0.1100606976705543
-0.052507278718057215
-0.05208585740126791
-0.049597531681695534
-0.6869502920175887
-0.0198663437170482
-0.04298111280323338
-0.08980451663345036
-0.05092982474096568
-0.02429658112511087
-0.03175295791852326
-0.03760645921930931
-0.024587444264274134
-0.048079042868805814
-0.07560959924584278
-0.04882510963904261
-0.13888271221009127
-0.07345923312238749
-0.07901287408973827
-0.08113684071262553
-0.12412692805413737
-0.032457486240191895
-0.05949648317180504
-0.04494014879320428
-0.06012913839338141
-0.1482113655525445
-0.1703445178377613
-0.20450027243801394
-0.09216786839634136
-0.06599149538163876
-0.10307574364477204
-0.3357045651073258
-0.07114881807330733
-0.0550085065627167
-0.10015776555208522
-0.13551881233159505
-0.1731205432380004
-0.07160214580897264
-0.04904802060767708
-0.07799737647717205
-0.06638119470096042
-0.17006049633232018
-0.11385139973796479
-0.22934449135541404
-0.06769158949170562
-0.06870317841688878
-0.03323462590518873
-0.11477277173566945
-0.042251315586230166
-0.09117731960961145
-0.1483428779660731
-0.0318762636374276
-0.052218080371236326
-0.14187667622713732
-0.13816717009756366
-0.0343938912942382
-0.028512365463448118
-0.05700485435543102
-0.059385513857102265
-0.08675665620233479
-0.0737899203851816
-0.07400642486585199
-0.046244102850986325
-0.7083054576557548
-0.1756838185897747
-0.12175018707127158
-0.06056450951934356
-0.19414261543768074
-0.053473803326273946
-0.46658456616777716
-0.2874049002536016
-0.11161078820230799
-0.19306729588454474
-0.03949130984782347
-0.06539983968926964
-0.05228563893338636
-0.06681195794324776
-0.1665012889305858
-0.11287074005301166
-0.023665027860276078
-0.04818628536449053
-0.08977794444648828
-0.1628240878690902
-0.7900351581346707
-0.42972415186861274
-0.16385083193140756
-0.03862715685454109
-0.1517248493693987
-0.022481649327510213
-0.2141678107124573
-0.05191511150161721
-0.04603264101380586
-0.03906153210140383
-0.06617349529720715
-0.07007937100417792
-0.0651746059198088
-0.07450503252754459
-0.08460357687854028
-0.03812286607166056
-0.057851150188664914
-0.05429424651784314
-0.06989386470180003
-0.04480312945868425
-0.05108938061558595
-0.06104003965947614
-0.04821643622456284
-0.06853727025240437
-0.022957759510885193
-0.03956660599756145
-0.08142571427681614
-0.12429917229861212
-0.20978960771215258
-0.13303853487668127
-0.16101180949149166
-0.06957450028710069
-0.18001057512745425
-0.045057668773072955
-0.07487590101872074
-0.03066577010643879
-0.05570806081040243
-0.0721477567836133
-0.10624802368229144
-0.1381327872986999
-0.0936651041142339
-0.05558819691120715
-0.021120866860357797
-0.028602863928699016
-0.04077758836749757
-0.05921865540814148
-0.12975942513314648
-0.0681195265642697
-0.0639027234471267
-0.037844197068714634
-0.24357272116719866
-0.045282748766309396
-0.07352881991773266
