-0.9999999528591286
-1.0
-0.9983341629992563
-1.0
-0.9980737301495618
-0.17851546368381138
-0.9999999999994178
-0.9999936071032275
-0.9999996671709346
-0.9210454035581813
-0.20009806013101616
-0.9986432126064163
-0.999999999999932
-0.999999999969742
-0.9999999741669903
-0.9999999948620706
-0.9815976517477586
-0.9999999999999993
-0.9999972428973104
-0.9999998311258226
-1.0
-1.0
-0.9953065743412622
-0.999533416459063
-1.0
-0.9999961375016706
-0.9999999629582665
-0.999999973191583
-0.9998909333785694
-0.9999999999999969
-0.997388143313824
-0.9967000359726342
-0.9998363197925437
-0.9999999999999909
-0.9999982788915033
-0.9999997180136426
-0.9999999999999998
-0.9999954405446272
-0.9735637332128732
-0.504386177927916
-0.9959874842630904
-0.9999999999919118
-0.9842187833399073
-0.9999971546022749
-0.9999999999982709
-0.9998006960078191
-0.95490719293994
-1.0
-0.9999999745643116
-0.5653248714072054
-1.0
-1.0
-0.9932524934009654
-1.0
-0.9999760780919331
-0.999296242285698
-0.9999999717382143
-0.5078316435575694
-0.9999999999888955
-0.1898818649331125
-0.9638936202815519
-0.0370447481159499
-0.9999999961862283
-0.999999952585847
-0.9999999238803416
-0.9923811559801446
-0.999999010570112
-0.9999980926436995
-0.9999999999975577
-0.852197455661314
-0.9999999999986033
-0.9999999995473361
-1.0
-0.04654865422397531
-0.2842697580211208
-0.9999960813950148
-1.0
-0.9999999980355347
-1.0
-0.9999997377521234
-0.9999999834696094
-0.9999998852079038
-1.0
-0.9998529019566798
-1.0
-1.0
-0.7851369961856716
-0.9938656756529031
-1.0
-0.9999997837377442
-0.9999559848530799
-0.9997544583983636
-0.9999362230462192
-0.6317730222735679
-0.9999999405613835
-0.999999989295895
-0.9999999716332971
-0.9999999978768606
-0.999999913229743
-0.9685274746057637
-1.0
-0.9997613535766922
-0.9999999985840351
-1.0
-0.04293774909491195
-0.9999999999999665
-0.9999999999961537
-1.0
-0.9972225463806172
-0.9856607614899783
-0.9999999922574375
-0.9999999548865834
-1.0
-0.999998822369932
-0.9999122920666893
-0.9991541361176952
-0.9999999999993769
-0.9999978545836318
-0.8063472302654376
-0.9999999999999993
-0.991897710462975
-0.9978806681634579
-0.9999999996321758
-0.9218605551263278
-0.9999829352534856
-1.0
-1.0
-0.9999999993770434
-0.9992942540275073
-0.9999538956553867
-0.9999999754230878
-0.9999999425216293
-0.9999999993005311
-0.9999999999569111
-0.8524954462288643
-0.9999995303465669
-0.9562966842225854
-0.9999999999999176
-0.9560044993470911
-0.9999997409946402
-0.9999999921191051
-0.9999999894715771
-0.9862609455311356
-0.9999981928125238
-0.9928941166425217
-0.9992189054453496
-0.9999863468769122
-0.9998907419412296
-0.9999999999998501
-0.9999999997393674
-0.9996482821875111
-0.9999999674292053
-1.0
-0.9124940096543773
-0.9999999999947273
-0.9999999999036522
-0.999999539438397
-0.9998826367318485
-0.03580835291268456
-1.0
-1.0
-1.0
-0.10187007268451967
-0.9715898336534643
-0.9998993122083697
-0.9999959734405963
-0.9171535572346282
-0.9992031504262046
-0.9999999999991911
-0.9999906644062028
-0.9999956378433968
-0.9999445309866711
-0.9999999999999976
-0.18113224359678623
-0.9999999999999993
-0.9999598928420549
-0.9998641834436923
-1.0
-0.9967890080022447
-0.14963435607108314
-0.999997186301217
-0.9919927417725644
-0.9999999998612212
-0.9999999999999987
-1.0
-1.0
-1.0
-0.9999999839766995
-1.0
-0.9509797457673272
-1.0
-0.9999166450270563
-0.9999999999999956
-1.0
-0.8429470720920847
-1.0
-0.14979499711552824
-0.9999999999907612
-0.9999710948002563
-0.9999932023374215
-0.9999999999999905
-0.9889583499875859
-0.027237578041123256
-1.0
-0.9911138254098548
-0.4146349153189764
-1.0
-1.0
-1.0
-0.17482726949537908
-0.9843664376206955
-0.9999999481099089
-1.0
-0.7716504413601574
-0.9999999998322027
-0.9869219495664635
-0.13478185059896344
-0.9999996399883316
-0.9999094356544204
-1.0
-0.9999999999788016
-1.0
-0.9561828876715573
-0.9999999999408369
-0.3063098793909997
-0.9999999999905465
-0.9818700317351684
-0.9999999998136482
-1.0
-0.9997276713688996
-1.0
-0.9986457151158394
-0.9939695149675809
-0.9646626534299375
-0.9973438325350266
-0.8264538448558696
-1.0
-0.8010257885165918
-0.999999993278635
-0.9999999999999998
-0.9996962832088191
-1.0
-0.9999880559464025
-0.9999998981879877
-1.0
-0.9475468107538664
-0.5303427415711117
-0.9999909955148646
-0.40162420958037065
-0.9999999999306914
-0.9999999999999991
-0.9999506576123843
-0.9999930622670815
-0.9999993872092447
-0.8763264541816692
-0.9999976469166195
-0.9999999998073748
-0.999800095589872
-0.9999997898485606
-0.047350146455969376
-0.6317240855102336
-0.06623956641669225
-0.9999999999995695
-1.0
-0.9999999979899978
-0.9968268556648809
-0.030978780593572612
-0.9999999988824813
-0.8787670980801706
-0.9999998980684852
-0.9999900861943793
-0.9999999996165609
-0.9981503356387214
-0.9999999484004747
-0.9991858899461304
-1.0
-0.9999999998239122
-0.9999999999893403
-0.9998552463643429
-0.6126029298908565
-0.9999993034567949
-0.9999999926164025
-0.31954473375648046
-0.9999912097421171
-0.05103808479617909
-1.0
-0.9999999999833857
-0.9997880616769196
-1.0
-0.9999758940899781
-0.9794638720684078
-0.992047940223507
-0.9999999999281273
-0.8916764428188517
-0.9974153402194968
-0.031404989841173486
-0.9874385430189105
-1.0
-0.9983104909140135
-0.9992705607399197
-0.9057946807132812
-0.999999999513419
-0.9988252884527479
-0.9999999999818348
-1.0
-0.47593641483716265
-1.0
-0.9999999999972728
-0.9999993352509058
-0.9992143475506511
-0.10810321196964669
-0.9999315986609948
-0.9919056176263538
-0.9999999999999984
-0.9999999935325352
-1.0
-0.9999999979805805
-0.9999999999999991
-0.9999999652610009
-1.0
-0.9999999999068616
-0.99999987544704
-0.9999912812424292
-1.0
-0.999999999442934
-1.0
-0.9983154067452025
-0.9998890156912866
-0.578398479889336
-0.9999999665455697
-0.5206721800457895
-0.9999998109560864
-1.0
-0.9999999996808242
-0.9506232966324415
-0.9991568099569803
-0.999998208311681
-0.9999841907804563
-0.9963954051212452
-0.9999996790306649
-0.9999988083048096
-0.09794578764793047
-1.0
-0.999990059433226
-0.9992686384993451
-0.9066954159636563
-0.06164126632264469
-1.0
-1.0
-1.0
-1.0
-0.9984094265410883
-0.999999700948716
-0.9999999999999984
-0.9999995146245739
-0.9988324028460711
-0.9999999999999998
-0.999942014699243
-0.5992224043335335
-0.999999999884823
-0.9999868374387376
-0.9999998025028088
-0.9999999999996656
-1.0
-1.0
-0.9999998796623053
-1.0
-0.9999999999999878
-0.0222146130495873
-0.9999576848066325
-0.9999995263743274
-0.9999999999999913
-0.9972965132157257
-1.0
-1.0
-0.999999999159499
-0.5451019660406153
-0.5306375634409212
-1.0
-0.8776169944201766
-0.9999999999999518
-0.9999999999996914
-0.9999999999952753
-1.0
-0.9999999999999996
-0.9999999944863303
-0.8470924315374594
-0.9999190955088529
-1.0
-0.9999210822885393
-0.8217259400916078
-0.9999999970344411
-0.9999999999008624
-1.0
-0.9999999419264776
-0.9999553519344732
-0.9999999999565048
-0.9626981056423457
-0.3331768991165163
-0.9701950367214309
-0.952881935513405
-0.9999999999999178
-0.9999980297756683
-1.0
-0.9988951497251044
-0.9999957115398598
-0.6788401443175147
-0.9884835546552597
-0.9999998617723207
-0.9999999999847311
-0.9999999999999989
-0.9929381983055399
-1.0
-0.04587534280382014
-0.9983755657289571
-0.9998553231949021
-0.9991551766045167
-0.9999999997594009
-1.0
-0.9740269121854741
-1.0
-0.9999999999992812
-0.9999437013773202
-0.9997769692926858
-0.999999999224223
-0.999946557291617
-0.05262947815330578
-0.9799294527658491
-1.0
-0.9999999999987998
-0.11352570500604929
-0.6750018574916775
-0.9999999931480215
-1.0
-0.999999966149322
-1.0
-1.0
-0.9998725007287022
-0.99398421142148
-0.999999999998137
-0.9999999972669018
-0.7959601403725579
-0.9999999999379532
-1.0
-0.6502379785236148
-0.9997850609646236
-0.1684652071922624
-0.25764941207241837
-0.9999999999998475
-0.9999999999730471
-0.9999989858817676
-0.9999999999998503
-1.0
-1.0
-0.9999999999999996
-0.998791490810422
-0.9999999999834932
-0.9987318653692003
-0.35401418877583646
-0.9999999578289867
-0.9999999999895424
-0.9999999999999996
-0.9999999999999993
-0.9999986251103389
-1.0
-0.9999999998067695
-1.0
-0.9999999999785252
-0.9977755537861991
-1.0
-0.9999921610179819
-0.9999999999999993
-1.0
-0.9999999728248598
-0.9980017117457662
-0.7307921659010167
-0.999999981821604
-0.9584697839234612
-0.9999999916668706
-0.9999986474703254
-0.9999999999967013
-1.0
-0.8186677087826909
-1.0
-0.9999999999946105
-1.0
-0.9999999975197273
-0.7595538793384238
-1.0
-0.9999885020768995
-0.999997982418395
-1.0
-0.9953728096230198
-1.0
-1.0
-1.0
-0.9999996134975675
-0.9976295536284872
-0.975281468854479
-0.9999999994567468
